mu =

   14.112   14.998

sigma2 =

 Columns 1 through 6:

   2.4372e-12   1.4193e-12  -2.4869e-14  -1.6431e-12   1.0680e-12   1.3856e-13

 Columns 7 through 12:

   2.8546e-12  -3.5039e-12  -4.5537e-12   3.3644e-12  -7.8160e-14   2.8866e-14

 Columns 13 through 18:

   1.7977e-12   1.8083e-12  -1.5987e-14  -2.3093e-13   3.0642e-13  -7.9714e-13

 Columns 19 through 24:

  -9.3703e-13   4.3940e-12   1.4335e-12   2.5280e-13  -1.7053e-12  -2.7867e-13

 Columns 25 through 30:

  -2.6529e-12  -3.2533e-12   1.2417e-12  -1.5832e-12  -1.1955e-12  -7.6472e-13

 Columns 31 through 36:

  -3.3893e-12   2.7756e-13   2.6787e-12   2.8777e-12  -4.2224e-12  -1.6573e-12

 Columns 37 through 42:

   3.6957e-12  -4.4409e-14  -1.1333e-12  -1.7097e-13  -1.1351e-12   2.2409e-12

 Columns 43 through 48:

  -8.7175e-13  -8.6153e-14  -1.2712e-12   8.7574e-13  -4.4658e-12   1.4921e-13

 Columns 49 through 54:

   4.9116e-13  -2.8092e-12   2.0126e-12   9.1260e-13   7.3275e-13  -4.5519e-14

 Columns 55 through 60:

  -8.8507e-13  -1.8652e-13   3.5083e-14  -3.5705e-13  -1.4935e-12   1.7764e-14

 Columns 61 through 66:

   2.0819e-12  -3.2174e-13   2.4274e-12   2.5580e-13  -4.7962e-14   2.0925e-12

 Columns 67 through 72:

   6.0751e-13  -8.3156e-13  -3.3907e-12   2.1902e-12   1.1839e-12  -1.9398e-12

 Columns 73 through 78:

  -2.3359e-13  -3.6522e-12  -4.3476e-13  -4.4409e-13  -1.6307e-12   5.4623e-14

 Columns 79 through 84:

  -4.2668e-12   1.6076e-12   7.8382e-13   3.1477e-12   1.0481e-12  -2.8750e-12

 Columns 85 through 90:

  -3.2578e-12   7.2120e-13   1.0352e-12  -2.1210e-12   6.9988e-13  -3.9613e-13

 Columns 91 through 96:

   1.9638e-12   1.6458e-12   5.5778e-13   3.9488e-12  -5.7998e-13  -3.8582e-12

 Columns 97 through 102:

  -3.7463e-12  -1.5348e-12  -1.0978e-12   1.2008e-12   4.1798e-12   1.8723e-12

 Columns 103 through 108:

  -2.2207e-12  -2.8377e-12  -3.0465e-12   8.9617e-13  -3.5021e-12  -1.7550e-12

 Columns 109 through 114:

  -2.1592e-12   6.7111e-12   4.2810e-13  -2.5078e-12   2.6859e-12   5.1159e-13

 Columns 115 through 120:

   3.3396e-13   4.3059e-12  -1.4748e-12   2.6041e-12   6.0307e-13  -2.9456e-12

 Columns 121 through 126:

  -2.8901e-12   3.2507e-13  -7.3586e-13   1.1013e-12  -1.3110e-12  -1.3411e-12

 Columns 127 through 132:

   2.2050e-12  -2.0286e-12  -4.3325e-12  -4.6163e-13  -1.8865e-12   6.0041e-13

 Columns 133 through 138:

   1.5676e-12   2.2609e-12   3.0944e-12  -1.1724e-13  -1.8492e-12   1.5599e-12

 Columns 139 through 144:

   1.1118e-12   2.2267e-12  -7.3008e-13  -3.2729e-13  -4.5830e-12   8.5798e-13

 Columns 145 through 150:

  -1.2719e-12   3.8334e-12   2.3794e-12   7.5389e-12   2.6796e-12   2.7400e-13

 Columns 151 through 156:

   3.6344e-12  -3.4572e-12   1.9735e-12   1.8874e-13   1.2603e-12   2.4620e-12

 Columns 157 through 162:

  -5.5911e-13   1.0614e-12   2.5970e-12  -6.1595e-13   1.2594e-12   4.4373e-12

 Columns 163 through 168:

   1.3110e-12  -4.4720e-13  -1.0041e-12   2.2560e-13   4.0856e-14   2.6201e-14

 Columns 169 through 174:

  -3.8831e-12   4.7962e-13   7.2404e-12   4.7007e-13   4.0963e-12  -2.3679e-12

 Columns 175 through 180:

  -3.0198e-12   1.4566e-12   1.3411e-12  -2.9338e-13  -2.7081e-12  -4.2082e-12

 Columns 181 through 186:

   6.6347e-13  -8.5265e-14   3.5776e-12  -8.0291e-13  -9.8765e-13   5.6843e-13

 Columns 187 through 192:

  -2.3279e-12  -2.6290e-12   1.7517e-12  -4.7251e-13   6.5548e-13  -3.5216e-12

 Columns 193 through 198:

   1.5676e-12  -2.5402e-13  -1.9078e-12   3.1495e-12  -2.0144e-12  -4.6896e-13

 Columns 199 through 204:

   2.3963e-12   6.3949e-13   3.4710e-12   3.5882e-13   9.5923e-14  -2.7671e-12

 Columns 205 through 210:

   1.2284e-12   1.5544e-12   1.1635e-12   2.5411e-12   1.0454e-12   3.7836e-13

 Columns 211 through 216:

  -8.5443e-13  -2.0024e-12  -1.3678e-13  -1.1440e-12  -1.2319e-12   7.7449e-13

 Columns 217 through 222:

  -5.8265e-13  -2.0446e-12   1.0836e-12   1.5730e-12   7.2831e-14   8.0469e-13

 Columns 223 through 228:

  -5.5493e-12   4.3201e-12  -1.5339e-12  -2.4123e-12   5.3397e-12   2.7782e-12

 Columns 229 through 234:

   1.4140e-12  -8.8146e-13   3.4461e-12  -3.0604e-12  -6.3227e-13  -2.5668e-12

 Columns 235 through 240:

  -2.1947e-12  -1.8083e-12  -2.9488e-12   6.9071e-13  -9.6900e-13   3.9790e-12

 Columns 241 through 246:

   5.8975e-13   2.2826e-12   9.0128e-13   2.3910e-12   5.1426e-13   2.4061e-12

 Columns 247 through 252:

  -8.4110e-13   2.2773e-12   2.1192e-12   4.1682e-12  -4.1656e-13  -4.2704e-12

 Columns 253 through 258:

   5.7909e-13   1.4735e-12   2.3679e-12   1.1422e-12  -2.6503e-12  -4.0856e-14

 Columns 259 through 264:

   1.8880e-12   3.5016e-13  -2.8519e-12   1.9065e-12   1.6298e-12  -2.4905e-12

 Columns 265 through 270:

  -1.2417e-12  -1.3358e-12   2.0606e-12   5.2403e-13  -2.2737e-13   1.4992e-12

 Columns 271 through 276:

  -1.8510e-12   7.2121e-13   8.1402e-13  -5.3291e-14  -2.5755e-12   2.6183e-12

 Columns 277 through 282:

   3.1113e-12  -2.8777e-13   1.8163e-12   5.0591e-12   1.7639e-12  -4.3148e-12

 Columns 283 through 288:

  -3.5705e-13  -1.8834e-12  -1.4004e-12   1.7115e-12   2.4185e-12   6.4215e-13

 Columns 289 through 294:

  -2.3768e-12  -2.1685e-13   7.9936e-13  -3.4750e-14  -1.0445e-12   2.2915e-13

 Columns 295 through 300:

  -1.2612e-12  -1.1084e-12  -3.8636e-13  -9.4846e-13  -1.0392e-13   4.5124e-12

 Columns 301 through 306:

   1.3216e-12  -1.9867e-11   3.7002e-12  -1.3699e-11  -2.1231e-11  -9.1198e-12

 Column 307:

   2.3533e-11

